11.2789  101189 0
11.3268  101189 1
11.2252  101188 2
11.3152  101189 3
11.2873  101189 4
11.2044  101188 5
11.1572  101188 6
11.3552  101189 7
11.3039  101189 8
11.3393  101189 9
11.2898  101189 10
11.5377  101190 11
11.6933  101191 12
11.2058  101188 13
11.5347  101190 14
10.9054  101186 15
11.0906  101187 16
11.4666  101190 17
11.3854  101189 18
11.5368  101190 19
11.079  101187 20
11.2335  101188 21
11.1699  101188 22
11.424  101190 23
11.2402  101188 24
11.0352  101187 25
11.3241  101189 26
11.2185  101188 27
11.551  101190 28
11.2755  101189 29
11.2765  101189 30
11.4505  101190 31
11.5485  101190 32
11.1294  101188 33
11.842  101192 34
11.4679  101190 35
11.6391  101191 36
11.3635  101189 37
11.328  101189 38
11.403  101189 39
11.4551  101190 40
11.0088  101187 41
11.2081  101188 42
11.1421  101188 43
11.2557  101188 44
11.3021  101189 45
11.1517  101188 46
10.9982  101187 47
11.4463  101190 48
11.4969  101190 49
11.3455  101189 50
11.4505  101190 51
11.359  101189 52
11.4432  101190 53
11.5437  101190 54
11.2771  101189 55
11.1569  101188 56
11.2616  101189 57
11.5575  101191 58
11.5532  101191 59
11.4384  101190 60
10.996  101187 61
11.5247  101190 62
10.9019  101186 63
11.4676  101190 64
11.124  101188 65
11.3774  101189 66
11.1878  101188 67
11.2546  101188 68
11.0346  101187 69
11.503  101190 70
11.2988  101189 71
11.4269  101190 72
11.6696  101191 73
11.1052  101187 74
11.3703  101189 75
11.3489  101189 76
11.0271  101187 77
11.4324  101190 78
11.3379  101189 79
11.383  101189 80
11.4518  101190 81
11.4893  101190 82
11.0174  101187 83
11.1197  101188 84
11.2897  101189 85
11.031  101187 86
11.2278  101188 87
11.4609  101190 88
11.242  101188 89
11.1385  101188 90
11.2453  101188 91
11.403  101189 92
11.2592  101189 93
11.107  101187 94
11.0409  101187 95
11.0609  101187 96
11.3362  101189 97
11.2801  101189 98
11.6998  101191 99
